dim=10
n=1000
e=0.001
x=1 -2 3 -4 5 -5 4 -3 2 -1
2 1 0 0 0 0 0 0 0 0
1 2 1 0 0 0 0 0 0 0
0 1 2 1 0 0 0 0 0 0
0 0 1 2 1 0 0 0 0 0
0 0 0 1 2 1 0 0 0 0
0 0 0 0 1 2 1 0 0 0
0 0 0 0 0 1 2 1 0 0
0 0 0 0 0 0 1 2 1 0
0 0 0 0 0 0 0 1 2 1
0 0 0 0 0 0 0 0 1 2
==========
dim=10
n=1000
e=0.00001
x=1 1 1 1 1 1 1 1 1 1
2 0 1 0 0 0 0 0 0 1
0 -3 -1 0 0 0 0 0 0 0
1 -1 1 1 0 0 0 0 0 0
0 0 1 4 0 0 0 0 1 0
0 0 1 0 -2 -3 0 0 0 0
0 0 0 0 -3 -6 1 1 0 0
0 0 0 0 0 1 -8 2 0 0
0 0 0 0 0 1 2 2 0 -1
0 0 0 1 0 0 0 0 2 1
0 0 0 0 0 0 0 -1 1 3